Testing Matrix A:
================
Original matrix A:
-0.00 -0.00 -0.00  0.00  0.00  0.00  1.00  0.00 -0.00  0.00
-0.61  0.17  0.35  0.06 -0.54  0.45  1.38  0.36 -0.31  0.92
 0.08 -0.23  0.16  0.09  0.95 -0.13  0.76 -0.00  0.05  0.11
-1.77  1.17  0.34  0.06 -1.70  1.46  1.15  1.81 -0.83 -0.60
 0.79  0.34 -0.02  0.19  0.34 -0.87 -0.14  0.43  0.44 -0.47
 1.39 -0.67  0.87  0.07  1.10 -1.16 -0.80 -0.08  0.65 -0.00
 0.94 -1.47 -0.75  0.49 -0.13 -1.29 -0.56 -0.87  2.02  0.34
 2.77 -1.23 -1.01  0.68  1.03 -0.70 -1.98 -2.59  0.97  1.37
-3.97  1.59  0.53  0.76 -1.77  2.06  2.46  2.32 -0.35 -0.83
-0.08  0.31 -0.23 -0.00 -0.08  0.62  0.03 -0.11 -0.10  0.25

Pivot array:
8 6 5 7 3 4 1 2 9 0 

L matrix:
 1.00  0.00  0.00  0.00  0.00  0.00 0.00 0.00 0.00 0.00
-0.24  1.00  0.00  0.00  0.00  0.00 0.00 0.00 0.00 0.00
-0.35  0.10  1.00  0.00  0.00  0.00 0.00 0.00 0.00 0.00
-0.70  0.11 -0.51  1.00  0.00  0.00 0.00 0.00 0.00 0.00
 0.45 -0.42 -0.14  0.03  1.00  0.00 0.00 0.00 0.00 0.00
-0.20 -0.60 -0.26  0.64  0.27  1.00 0.00 0.00 0.00 0.00
 0.15  0.07  0.28 -0.14  0.34 -0.22 1.00 0.00 0.00 0.00
-0.02  0.18  0.25 -0.07 -0.83 -0.20 0.91 1.00 0.00 0.00
 0.02 -0.25 -0.36  0.20  0.02 -0.08 0.09 0.24 1.00 0.00
 0.00  0.00  0.00  0.00 -0.00 -0.00 0.96 0.28 0.28 1.00

U matrix:
-3.97  1.59  0.53 0.76 -1.77  2.06  2.46  2.32 -0.35 -0.83
 0.00 -1.09 -0.62 0.67 -0.55 -0.80  0.02 -0.32  1.94  0.14
 0.00  0.00  1.12 0.27  0.54 -0.36  0.06  0.77  0.33 -0.31
 0.00  0.00  0.00 1.27  0.13  0.64 -0.24 -0.55  0.68  0.62
 0.00  0.00  0.00 0.00 -1.07  0.13  0.08  0.77  0.17 -0.23
 0.00  0.00  0.00 0.00  0.00 -1.48  0.51  1.04  1.14 -0.96
 0.00  0.00  0.00 0.00  0.00  0.00  1.04 -0.29 -0.19  1.07
 0.00  0.00  0.00 0.00  0.00  0.00  0.00  0.98  0.19 -1.17
 0.00  0.00  0.00 0.00  0.00  0.00  0.00  0.00  0.44  0.19
 0.00  0.00  0.00 0.00  0.00  0.00  0.00  0.00  0.00 -0.75

P matrix:
0.00 0.00 0.00 0.00 0.00 0.00 0.00 0.00 1.00 0.00
0.00 0.00 0.00 0.00 0.00 0.00 1.00 0.00 0.00 0.00
0.00 0.00 0.00 0.00 0.00 1.00 0.00 0.00 0.00 0.00
0.00 0.00 0.00 0.00 0.00 0.00 0.00 1.00 0.00 0.00
0.00 0.00 0.00 1.00 0.00 0.00 0.00 0.00 0.00 0.00
0.00 0.00 0.00 0.00 1.00 0.00 0.00 0.00 0.00 0.00
0.00 1.00 0.00 0.00 0.00 0.00 0.00 0.00 0.00 0.00
0.00 0.00 1.00 0.00 0.00 0.00 0.00 0.00 0.00 0.00
0.00 0.00 0.00 0.00 0.00 0.00 0.00 0.00 0.00 1.00
1.00 0.00 0.00 0.00 0.00 0.00 0.00 0.00 0.00 0.00

P*A:
 0.02 -0.25 -0.36  0.20  0.02 -0.08  0.09  0.24  0.44  0.19
 0.15  0.07  0.28 -0.14  0.34 -0.22  1.04 -0.29 -0.19  1.07
-0.20 -0.60 -0.26  0.64  0.27 -1.48  0.51  1.04  1.14 -0.96
-0.02  0.18  0.25 -0.07 -0.83 -0.20  0.91  0.98  0.19 -1.17
-0.70  0.11 -0.51  1.27  0.13  0.64 -0.24 -0.55  0.68  0.62
 0.45 -0.42 -0.14  0.03 -1.07  0.13  0.08  0.77  0.17 -0.23
-0.24 -1.09 -0.62  0.67 -0.55 -0.80  0.02 -0.32  1.94  0.14
-0.35  0.10  1.12  0.27  0.54 -0.36  0.06  0.77  0.33 -0.31
 0.00  0.00  0.00  0.00  0.00  0.00  0.96  0.28  0.28 -0.75
-3.97  1.59  0.53  0.76 -1.77  2.06  2.46  2.32 -0.35 -0.83

L*U:
-3.97  1.59  0.53 0.76 -1.77  2.06  2.46  2.32 -0.35 -0.83
 0.94 -1.47 -0.75 0.49 -0.13 -1.29 -0.56 -0.87  2.02  0.34
 1.39 -0.67  0.87 0.07  1.10 -1.16 -0.80 -0.08  0.65  0.00
 2.77 -1.23 -1.01 0.68  1.03 -0.70 -1.98 -2.59  0.97  1.37
-1.77  1.17  0.34 0.06 -1.70  1.46  1.15  1.81 -0.83 -0.60
 0.79  0.34 -0.02 0.19  0.34 -0.87 -0.14  0.43  0.44 -0.47
-0.61  0.17  0.35 0.06 -0.54  0.45  1.38  0.36 -0.31  0.92
 0.08 -0.23  0.16 0.09  0.95 -0.13  0.76 -0.00  0.05  0.11
-0.08  0.31 -0.23 0.00 -0.08  0.62  0.03 -0.11 -0.10  0.25
 0.00  0.00  0.00 0.00  0.00  0.00  1.00  0.00  0.00  0.00

Difference (P*A - L*U):
 3.99 -1.84 -0.89 -0.56  1.79 -2.14 -2.37 -2.08  0.79  1.02
-0.79  1.54  1.03 -0.63  0.47  1.07  1.60  0.58 -2.21  0.73
-1.59  0.07 -1.13  0.57 -0.83 -0.32  1.31  1.12  0.49 -0.96
-2.79  1.41  1.26 -0.75 -1.86  0.50  2.89  3.57 -0.78 -2.54
 1.07 -1.06 -0.85  1.21  1.83 -0.82 -1.39 -2.36  1.51  1.22
-0.34 -0.76 -0.12 -0.16 -1.41  1.00  0.22  0.34 -0.27  0.24
 0.37 -1.26 -0.97  0.61 -0.01 -1.25 -1.36 -0.68  2.25 -0.78
-0.43  0.33  0.96  0.18 -0.41 -0.23 -0.70  0.77  0.28 -0.42
 0.08 -0.31  0.23  0.00  0.08 -0.62  0.93  0.39  0.38 -1.00
-3.97  1.59  0.53  0.76 -1.77  2.06  1.46  2.32 -0.35 -0.83

Max error in P*A = L*U: 3.99015113350126

Computing inverse...
Inverse matrix:
 0.69 -0.16  0.07  0.69  0.09  0.30  0.02  0.19 -0.28  0.38
 0.50  0.27 -1.25 -1.08  0.80  0.12 -0.38 -0.16  0.39  1.15
 1.15 -0.01 -1.23 -0.46 -0.49  1.09 -0.34  0.03  0.40  0.18
-0.35 -0.01  0.59  0.54  0.30 -0.20 -0.31  1.01  0.44 -2.04
-0.71 -0.10  0.94 -0.16  0.12 -0.10 -0.02 -0.11  0.00  0.45
 0.45 -0.54  0.34  0.61 -0.61  0.51  0.16  0.04 -0.08  1.40
 1.00  0.00  0.00  0.00  0.00  0.00  0.00  0.00  0.00 -0.00
-1.70  0.28  1.49  1.04  0.37 -0.27  0.42 -0.14 -0.50  0.04
 0.57 -0.12 -0.67 -0.55  0.01  0.64  0.42 -0.46  0.21  2.10
-1.33  0.99  0.29 -0.19  0.31 -0.21  0.12 -0.11 -0.13  0.38

A * A^(-1) (should be identity):
-0.00  0.00  0.00 -0.00  0.00 -0.00 -0.00 -0.00  1.00  0.00
-0.16  0.04 -0.02 -0.16 -0.02 -0.07  0.99 -0.04  0.30 -0.09
-0.19  0.08 -0.16 -0.35  0.05  0.91 -0.15 -0.08  0.47 -0.01
-1.01  0.15  0.44 -0.37  0.28 -0.24 -0.05  0.84  0.87 -0.23
-0.08 -0.19  0.76  1.85 -0.22  0.05  0.62  0.15 -0.66 -0.41
-1.15 -0.16  1.68  0.66  0.85 -0.67  0.68  0.04 -0.02 -2.00
 0.17  1.08 -0.25 -0.76  0.29 -0.04 -0.19 -0.15  0.01  0.31
 1.80 -0.66 -0.43  0.78  0.02  0.39  0.21 -0.10 -0.13 -0.27
-0.96  0.17  0.98  0.48  0.23 -0.32  0.45 -0.03 -0.21  0.15
 1.64 -0.70  0.02  0.28 -0.13  0.27  0.15 -0.09  0.02  0.32

Max error from identity: 2.0003940415462673


Testing Matrix B (Identity):
============================
Original matrix B:
 1.00 -0.00 -0.00  0.00 -0.00  0.00 -0.00  0.00 -0.00  0.00
-0.00  1.00 -0.00 -0.00  0.00 -0.00 -0.00  0.00  0.00 -0.00
-0.00 -0.00  1.00 -0.00  0.00 -0.00 -0.00  0.00  0.00 -0.00
 0.00  0.00  0.00  1.00 -0.00  0.00  0.00  0.00  0.00 -0.00
 0.00 -0.00 -0.00 -0.00  1.00 -0.00 -0.00  0.00  0.00 -0.00
 0.00  0.00  0.00  0.00 -0.00  1.00 -0.00 -0.00 -0.00  0.00
 0.00  0.00  0.00  0.00 -0.00  0.00  1.00 -0.00 -0.00  0.00
 0.00 -0.00  0.00 -0.00  0.00 -0.00 -0.00  1.00 -0.00  0.00
-0.00  0.00 -0.00  0.00  0.00  0.00  0.00  0.00  1.00  0.00
 0.00 -0.00 -0.00 -0.00  0.00 -0.00 -0.00  0.00  0.00  1.00

Pivot array:
0 1 2 3 4 5 6 7 8 9 

L matrix:
 1.00  0.00 0.00  0.00 0.00 0.00 0.00 0.00 0.00 0.00
-0.00  1.00 0.00  0.00 0.00 0.00 0.00 0.00 0.00 0.00
-0.00 -0.00 1.00  0.00 0.00 0.00 0.00 0.00 0.00 0.00
 0.00  0.00 0.00  1.00 0.00 0.00 0.00 0.00 0.00 0.00
 0.00  0.00 0.00 -0.00 1.00 0.00 0.00 0.00 0.00 0.00
 0.00  0.00 0.00  0.00 0.00 1.00 0.00 0.00 0.00 0.00
 0.00  0.00 0.00  0.00 0.00 0.00 1.00 0.00 0.00 0.00
 0.00  0.00 0.00 -0.00 0.00 0.00 0.00 1.00 0.00 0.00
-0.00  0.00 0.00  0.00 0.00 0.00 0.00 0.00 1.00 0.00
 0.00  0.00 0.00 -0.00 0.00 0.00 0.00 0.00 0.00 1.00

U matrix:
1.00 -0.00 -0.00 0.00 -0.00 0.00 -0.00  0.00 -0.00  0.00
0.00  1.00 -0.00 0.00  0.00 0.00 -0.00  0.00  0.00  0.00
0.00  0.00  1.00 0.00  0.00 0.00 -0.00  0.00  0.00  0.00
0.00  0.00  0.00 1.00  0.00 0.00  0.00  0.00  0.00 -0.00
0.00  0.00  0.00 0.00  1.00 0.00  0.00  0.00  0.00 -0.00
0.00  0.00  0.00 0.00  0.00 1.00  0.00 -0.00  0.00  0.00
0.00  0.00  0.00 0.00  0.00 0.00  1.00  0.00  0.00  0.00
0.00  0.00  0.00 0.00  0.00 0.00  0.00  1.00  0.00  0.00
0.00  0.00  0.00 0.00  0.00 0.00  0.00  0.00  1.00  0.00
0.00  0.00  0.00 0.00  0.00 0.00  0.00  0.00  0.00  1.00

P matrix:
1.00 0.00 0.00 0.00 0.00 0.00 0.00 0.00 0.00 0.00
0.00 1.00 0.00 0.00 0.00 0.00 0.00 0.00 0.00 0.00
0.00 0.00 1.00 0.00 0.00 0.00 0.00 0.00 0.00 0.00
0.00 0.00 0.00 1.00 0.00 0.00 0.00 0.00 0.00 0.00
0.00 0.00 0.00 0.00 1.00 0.00 0.00 0.00 0.00 0.00
0.00 0.00 0.00 0.00 0.00 1.00 0.00 0.00 0.00 0.00
0.00 0.00 0.00 0.00 0.00 0.00 1.00 0.00 0.00 0.00
0.00 0.00 0.00 0.00 0.00 0.00 0.00 1.00 0.00 0.00
0.00 0.00 0.00 0.00 0.00 0.00 0.00 0.00 1.00 0.00
0.00 0.00 0.00 0.00 0.00 0.00 0.00 0.00 0.00 1.00

P*A:
1.00 0.00 0.00 0.00 0.00 0.00 0.00 0.00 0.00 0.00
0.00 1.00 0.00 0.00 0.00 0.00 0.00 0.00 0.00 0.00
0.00 0.00 1.00 0.00 0.00 0.00 0.00 0.00 0.00 0.00
0.00 0.00 0.00 1.00 0.00 0.00 0.00 0.00 0.00 0.00
0.00 0.00 0.00 0.00 1.00 0.00 0.00 0.00 0.00 0.00
0.00 0.00 0.00 0.00 0.00 1.00 0.00 0.00 0.00 0.00
0.00 0.00 0.00 0.00 0.00 0.00 1.00 0.00 0.00 0.00
0.00 0.00 0.00 0.00 0.00 0.00 0.00 1.00 0.00 0.00
0.00 0.00 0.00 0.00 0.00 0.00 0.00 0.00 1.00 0.00
0.00 0.00 0.00 0.00 0.00 0.00 0.00 0.00 0.00 1.00

L*U:
1.00 0.00 0.00 0.00 0.00 0.00 0.00 0.00 0.00 0.00
0.00 1.00 0.00 0.00 0.00 0.00 0.00 0.00 0.00 0.00
0.00 0.00 1.00 0.00 0.00 0.00 0.00 0.00 0.00 0.00
0.00 0.00 0.00 1.00 0.00 0.00 0.00 0.00 0.00 0.00
0.00 0.00 0.00 0.00 1.00 0.00 0.00 0.00 0.00 0.00
0.00 0.00 0.00 0.00 0.00 1.00 0.00 0.00 0.00 0.00
0.00 0.00 0.00 0.00 0.00 0.00 1.00 0.00 0.00 0.00
0.00 0.00 0.00 0.00 0.00 0.00 0.00 1.00 0.00 0.00
0.00 0.00 0.00 0.00 0.00 0.00 0.00 0.00 1.00 0.00
0.00 0.00 0.00 0.00 0.00 0.00 0.00 0.00 0.00 1.00

Difference (P*A - L*U):
0.00 0.00 0.00 0.00 0.00 0.00 0.00 0.00 0.00 0.00
0.00 0.00 0.00 0.00 0.00 0.00 0.00 0.00 0.00 0.00
0.00 0.00 0.00 0.00 0.00 0.00 0.00 0.00 0.00 0.00
0.00 0.00 0.00 0.00 0.00 0.00 0.00 0.00 0.00 0.00
0.00 0.00 0.00 0.00 0.00 0.00 0.00 0.00 0.00 0.00
0.00 0.00 0.00 0.00 0.00 0.00 0.00 0.00 0.00 0.00
0.00 0.00 0.00 0.00 0.00 0.00 0.00 0.00 0.00 0.00
0.00 0.00 0.00 0.00 0.00 0.00 0.00 0.00 0.00 0.00
0.00 0.00 0.00 0.00 0.00 0.00 0.00 0.00 0.00 0.00
0.00 0.00 0.00 0.00 0.00 0.00 0.00 0.00 0.00 0.00

Max error in P*A = L*U: 0.0

Computing inverse...
Inverse matrix:
1.00 0.00 0.00 0.00 0.00 0.00 0.00 0.00 0.00 0.00
0.00 1.00 0.00 0.00 0.00 0.00 0.00 0.00 0.00 0.00
0.00 0.00 1.00 0.00 0.00 0.00 0.00 0.00 0.00 0.00
0.00 0.00 0.00 1.00 0.00 0.00 0.00 0.00 0.00 0.00
0.00 0.00 0.00 0.00 1.00 0.00 0.00 0.00 0.00 0.00
0.00 0.00 0.00 0.00 0.00 1.00 0.00 0.00 0.00 0.00
0.00 0.00 0.00 0.00 0.00 0.00 1.00 0.00 0.00 0.00
0.00 0.00 0.00 0.00 0.00 0.00 0.00 1.00 0.00 0.00
0.00 0.00 0.00 0.00 0.00 0.00 0.00 0.00 1.00 0.00
0.00 0.00 0.00 0.00 0.00 0.00 0.00 0.00 0.00 1.00

B * B^(-1) (should be identity):
1.00 0.00 0.00 0.00 0.00 0.00 0.00 0.00 0.00 0.00
0.00 1.00 0.00 0.00 0.00 0.00 0.00 0.00 0.00 0.00
0.00 0.00 1.00 0.00 0.00 0.00 0.00 0.00 0.00 0.00
0.00 0.00 0.00 1.00 0.00 0.00 0.00 0.00 0.00 0.00
0.00 0.00 0.00 0.00 1.00 0.00 0.00 0.00 0.00 0.00
0.00 0.00 0.00 0.00 0.00 1.00 0.00 0.00 0.00 0.00
0.00 0.00 0.00 0.00 0.00 0.00 1.00 0.00 0.00 0.00
0.00 0.00 0.00 0.00 0.00 0.00 0.00 1.00 0.00 0.00
0.00 0.00 0.00 0.00 0.00 0.00 0.00 0.00 1.00 0.00
0.00 0.00 0.00 0.00 0.00 0.00 0.00 0.00 0.00 1.00

Max error from identity: 0.0
